{
    "camera_angle_x": 0.6911112070083618,
    "camera_angle_y": 0.4710899591445923,
    "fl_x": 1111.111111111111,
    "fl_y": 1111.111111111111,
    "k1": 0.0,
    "k2": 0.0,
    "p1": 0.0,
    "p2": 0.0,
    "cx": 400.0,
    "cy": 400.0,
    "w": 800.0,
    "h": 800.0,
    "aabb_scale": 4,
    "frames": [
        {
            "file_path": "train/0001.png",
            "transform_matrix": [
                [
                    -0.272744745016098,
                    0.910855233669281,
                    -0.30976295471191406,
                    -1.2390519380569458
                ],
                [
                    -0.9620864391326904,
                    -0.2582210898399353,
                    0.08781562745571136,
                    0.35126253962516785
                ],
                [
                    0.0,
                    0.32197004556655884,
                    0.9467498064041138,
                    3.786999464035034
                ],
                [
                    0.0,
                    0.0,
                    0.0,
                    1.0
                ]
            ]
        },
        {
            "file_path": "train/0002.png",
            "transform_matrix": [
                [
                    0.9971420764923096,
                    -0.07264991104602814,
                    -0.02072574384510517,
                    -0.08290298283100128
                ],
                [
                    -0.07554841786623001,
                    -0.9588854312896729,
                    -0.27355319261550903,
                    -1.0942128896713257
                ],
                [
                    1.8626448161640496e-09,
                    0.27433711290359497,
                    -0.9616335034370422,
                    -3.846534252166748
                ],
                [
                    0.0,
                    0.0,
                    0.0,
                    1.0
                ]
            ]
        },
        {
            "file_path": "train/0003.png",
            "transform_matrix": [
                [
                    -0.996160089969635,
                    -0.06979195773601532,
                    0.052859436720609665,
                    0.21143776178359985
                ],
                [
                    0.08755019307136536,
                    -0.7941039800643921,
                    0.6014430522918701,
                    2.4057724475860596
                ],
                [
                    0.0,
                    0.6037613749504089,
                    0.7971649765968323,
                    3.188660144805908
                ],
                [
                    0.0,
                    0.0,
                    0.0,
                    1.0
                ]
            ]
        },
        {
            "file_path": "train/0004.png",
            "transform_matrix": [
                [
                    -0.6977230310440063,
                    0.03695093095302582,
                    0.7154139280319214,
                    2.8616559505462646
                ],
                [
                    0.7163675427436829,
                    0.03598923236131668,
                    0.6967942118644714,
                    2.787177085876465
                ],
                [
                    -3.725290076417309e-09,
                    0.9986687898635864,
                    -0.051580965518951416,
                    -0.20632387697696686
                ],
                [
                    0.0,
                    0.0,
                    0.0,
                    1.0
                ]
            ]
        },
        {
            "file_path": "train/0005.png",
            "transform_matrix": [
                [
                    -0.9631511569023132,
                    0.11749709397554398,
                    -0.24193856120109558,
                    -0.9677543044090271
                ],
                [
                    -0.2689606249332428,
                    -0.4207584261894226,
                    0.8663846850395203,
                    3.46553897857666
                ],
                [
                    0.0,
                    0.8995314240455627,
                    0.4368560016155243,
                    1.7474241256713867
                ],
                [
                    0.0,
                    0.0,
                    0.0,
                    1.0
                ]
            ]
        },
        {
            "file_path": "train/0006.png",
            "transform_matrix": [
                [
                    -0.8943120241165161,
                    0.2610657215118408,
                    -0.3633876442909241,
                    -1.4535506963729858
                ],
                [
                    -0.4474436938762665,
                    -0.5217956900596619,
                    0.7263079881668091,
                    2.9052321910858154
                ],
                [
                    1.4901160305669237e-08,
                    0.8121415972709656,
                    0.5834603309631348,
                    2.333841562271118
                ],
                [
                    0.0,
                    0.0,
                    0.0,
                    1.0
                ]
            ]
        },
        {
            "file_path": "train/0007.png",
            "transform_matrix": [
                [
                    0.98930823802948,
                    0.14176587760448456,
                    -0.0342281274497509,
                    -0.1369125247001648
                ],
                [
                    -0.1458393931388855,
                    0.9616753458976746,
                    -0.23218807578086853,
                    -0.9287523627281189
                ],
                [
                    0.0,
                    0.23469732701778412,
                    0.9720684289932251,
                    3.8882739543914795
                ],
                [
                    0.0,
                    0.0,
                    0.0,
                    1.0
                ]
            ]
        },
        {
            "file_path": "train/0008.png",
            "transform_matrix": [
                [
                    -0.23034439980983734,
                    -0.6807553172111511,
                    -0.6953514218330383,
                    -2.7814059257507324
                ],
                [
                    -0.9731090664863586,
                    0.16114142537117004,
                    0.16459646821022034,
                    0.6583859324455261
                ],
                [
                    0.0,
                    0.7145668268203735,
                    -0.6995671987533569,
                    -2.798269033432007
                ],
                [
                    0.0,
                    0.0,
                    0.0,
                    1.0
                ]
            ]
        },
        {
            "file_path": "train/0009.png",
            "transform_matrix": [
                [
                    0.433736652135849,
                    -0.8125873804092407,
                    -0.3893255293369293,
                    -1.5573022365570068
                ],
                [
                    -0.901039719581604,
                    -0.3911580443382263,
                    -0.18741101026535034,
                    -0.7496441006660461
                ],
                [
                    1.4901160305669237e-08,
                    0.43208473920822144,
                    -0.9018329381942749,
                    -3.6073319911956787
                ],
                [
                    0.0,
                    0.0,
                    0.0,
                    1.0
                ]
            ]
        },
        {
            "file_path": "train/0010.png",
            "transform_matrix": [
                [
                    0.2947635352611542,
                    0.8889688849449158,
                    0.350497841835022,
                    1.4019914865493774
                ],
                [
                    0.9555701613426208,
                    -0.2742191255092621,
                    -0.10811764001846313,
                    -0.4324705898761749
                ],
                [
                    -7.450580152834618e-09,
                    0.3667944371700287,
                    -0.9303019642829895,
                    -3.721208095550537
                ],
                [
                    0.0,
                    0.0,
                    0.0,
                    1.0
                ]
            ]
        },
        {
            "file_path": "train/0011.png",
            "transform_matrix": [
                [
                    0.15909819304943085,
                    0.5421723127365112,
                    0.8250677585601807,
                    3.3002712726593018
                ],
                [
                    0.9872627854347229,
                    -0.08737151324748993,
                    -0.13296033442020416,
                    -0.5318413972854614
                ],
                [
                    0.0,
                    0.8357124924659729,
                    -0.5491671562194824,
                    -2.196668863296509
                ],
                [
                    0.0,
                    0.0,
                    0.0,
                    1.0
                ]
            ]
        },
        {
            "file_path": "train/0012.png",
            "transform_matrix": [
                [
                    0.99839848279953,
                    0.022383183240890503,
                    0.05195538327097893,
                    0.2078215479850769
                ],
                [
                    0.056571800261735916,
                    -0.3950260579586029,
                    -0.916926383972168,
                    -3.667705774307251
                ],
                [
                    0.0,
                    0.9183971881866455,
                    -0.3956596553325653,
                    -1.5826387405395508
                ],
                [
                    0.0,
                    0.0,
                    0.0,
                    1.0
                ]
            ]
        },
        {
            "file_path": "train/0013.png",
            "transform_matrix": [
                [
                    0.6219445466995239,
                    -0.22984939813613892,
                    -0.748568058013916,
                    -2.994272470474243
                ],
                [
                    -0.7830613255500793,
                    -0.18255731463432312,
                    -0.5945483446121216,
                    -2.3781936168670654
                ],
                [
                    1.4901161193847656e-08,
                    0.955950915813446,
                    -0.29352664947509766,
                    -1.1741067171096802
                ],
                [
                    0.0,
                    0.0,
                    0.0,
                    1.0
                ]
            ]
        },
        {
            "file_path": "train/0014.png",
            "transform_matrix": [
                [
                    0.21665818989276886,
                    -0.9736312031745911,
                    0.07142535597085953,
                    0.2857014536857605
                ],
                [
                    0.9762474894523621,
                    0.21607756614685059,
                    -0.015851398929953575,
                    -0.0634056031703949
                ],
                [
                    0.0,
                    0.07316242903470993,
                    0.9973199367523193,
                    3.9892799854278564
                ],
                [
                    0.0,
                    0.0,
                    0.0,
                    1.0
                ]
            ]
        },
        {
            "file_path": "train/0015.png",
            "transform_matrix": [
                [
                    -0.7643792033195496,
                    -0.6399238705635071,
                    -0.07887843251228333,
                    -0.3155137598514557
                ],
                [
                    -0.6447668075561523,
                    0.7586377859115601,
                    0.09351138025522232,
                    0.37404555082321167
                ],
                [
                    -3.725290076417309e-09,
                    0.12233638763427734,
                    -0.9924886226654053,
                    -3.9699547290802
                ],
                [
                    0.0,
                    0.0,
                    0.0,
                    1.0
                ]
            ]
        },
        {
            "file_path": "train/0016.png",
            "transform_matrix": [
                [
                    -0.13769014179706573,
                    -0.345392644405365,
                    0.9283023476600647,
                    3.713209629058838
                ],
                [
                    0.9904752969741821,
                    -0.04801448807120323,
                    0.1290472149848938,
                    0.51618891954422
                ],
                [
                    3.725290076417309e-09,
                    0.9372291564941406,
                    0.3487139940261841,
                    1.3948560953140259
                ],
                [
                    0.0,
                    0.0,
                    0.0,
                    1.0
                ]
            ]
        },
        {
            "file_path": "train/0017.png",
            "transform_matrix": [
                [
                    0.9081822633743286,
                    -0.22109802067279816,
                    -0.35541611909866333,
                    -1.4216645956039429
                ],
                [
                    -0.41857489943504333,
                    -0.47971653938293457,
                    -0.7711465954780579,
                    -3.0845866203308105
                ],
                [
                    -1.4901160305669237e-08,
                    0.849109947681427,
                    -0.5282160639762878,
                    -2.1128644943237305
                ],
                [
                    0.0,
                    0.0,
                    0.0,
                    1.0
                ]
            ]
        },
        {
            "file_path": "train/0018.png",
            "transform_matrix": [
                [
                    -0.8969907760620117,
                    -0.09618975967168808,
                    0.43145686388015747,
                    1.7258275747299194
                ],
                [
                    0.44204920530319214,
                    -0.19518491625785828,
                    0.8754971623420715,
                    3.5019888877868652
                ],
                [
                    7.450580152834618e-09,
                    0.9760380983352661,
                    0.21759964525699615,
                    0.8703986406326294
                ],
                [
                    0.0,
                    0.0,
                    0.0,
                    1.0
                ]
            ]
        },
        {
            "file_path": "train/0019.png",
            "transform_matrix": [
                [
                    -0.5587546229362488,
                    -0.32335996627807617,
                    -0.7636959552764893,
                    -3.054784059524536
                ],
                [
                    -0.8293330073356628,
                    0.21786047518253326,
                    0.5145323276519775,
                    2.0581295490264893
                ],
                [
                    1.4901160305669237e-08,
                    0.920855700969696,
                    -0.38990360498428345,
                    -1.5596145391464233
                ],
                [
                    0.0,
                    0.0,
                    0.0,
                    1.0
                ]
            ]
        },
        {
            "file_path": "train/0020.png",
            "transform_matrix": [
                [
                    0.8605803847312927,
                    -0.18818449974060059,
                    -0.47327369451522827,
                    -1.8930946588516235
                ],
                [
                    -0.5093145370483398,
                    -0.31797221302986145,
                    -0.7996826767921448,
                    -3.19873046875
                ],
                [
                    0.0,
                    0.9292364120483398,
                    -0.3694857656955719,
                    -1.4779430627822876
                ],
                [
                    0.0,
                    0.0,
                    0.0,
                    1.0
                ]
            ]
        },
        {
            "file_path": "train/0021.png",
            "transform_matrix": [
                [
                    0.25957122445106506,
                    -0.6138507127761841,
                    0.7455266714096069,
                    2.982106924057007
                ],
                [
                    0.9657239317893982,
                    0.1649933159351349,
                    -0.20038571953773499,
                    -0.8015429377555847
                ],
                [
                    0.0,
                    0.7719874382019043,
                    0.6356377601623535,
                    2.542551279067993
                ],
                [
                    0.0,
                    0.0,
                    0.0,
                    1.0
                ]
            ]
        },
        {
            "file_path": "train/0022.png",
            "transform_matrix": [
                [
                    -0.45474475622177124,
                    0.8445882201194763,
                    -0.282626748085022,
                    -1.130506992340088
                ],
                [
                    -0.8906218409538269,
                    -0.4312403202056885,
                    0.14430706202983856,
                    0.5772282481193542
                ],
                [
                    -7.450580152834618e-09,
                    0.3173366189002991,
                    0.9483130574226379,
                    3.7932519912719727
                ],
                [
                    0.0,
                    0.0,
                    0.0,
                    1.0
                ]
            ]
        },
        {
            "file_path": "train/0023.png",
            "transform_matrix": [
                [
                    -0.9721390604972839,
                    -0.12535110116004944,
                    0.19807219505310059,
                    0.7922887206077576
                ],
                [
                    0.234404519200325,
                    -0.5198649168014526,
                    0.8214590549468994,
                    3.2858359813690186
                ],
                [
                    -7.4505792646561986e-09,
                    0.8450014591217041,
                    0.5347639322280884,
                    2.1390557289123535
                ],
                [
                    0.0,
                    0.0,
                    0.0,
                    1.0
                ]
            ]
        },
        {
            "file_path": "train/0024.png",
            "transform_matrix": [
                [
                    0.6983349323272705,
                    -0.64136803150177,
                    0.31776607036590576,
                    1.2710644006729126
                ],
                [
                    0.7157710194587708,
                    0.6257444024085999,
                    -0.31002533435821533,
                    -1.2401014566421509
                ],
                [
                    0.0,
                    0.443949431180954,
                    0.896051824092865,
                    3.584207534790039
                ],
                [
                    0.0,
                    0.0,
                    0.0,
                    1.0
                ]
            ]
        },
        {
            "file_path": "train/0025.png",
            "transform_matrix": [
                [
                    0.9998551607131958,
                    0.004978344310075045,
                    -0.016274232417345047,
                    -0.06509693711996078
                ],
                [
                    -0.017018653452396393,
                    0.2924804091453552,
                    -0.9561200141906738,
                    -3.8244802951812744
                ],
                [
                    -4.6566125955216364e-10,
                    0.9562585949897766,
                    0.29252275824546814,
                    1.170091152191162
                ],
                [
                    0.0,
                    0.0,
                    0.0,
                    1.0
                ]
            ]
        },
        {
            "file_path": "train/0026.png",
            "transform_matrix": [
                [
                    -0.8034309148788452,
                    0.1791086345911026,
                    0.5678192377090454,
                    2.2712771892547607
                ],
                [
                    0.5953978300094604,
                    0.2416895180940628,
                    0.7662163376808167,
                    3.0648655891418457
                ],
                [
                    0.0,
                    0.9536803364753723,
                    -0.3008217215538025,
                    -1.2032870054244995
                ],
                [
                    0.0,
                    0.0,
                    0.0,
                    1.0
                ]
            ]
        },
        {
            "file_path": "train/0027.png",
            "transform_matrix": [
                [
                    -0.6516295075416565,
                    -0.5162864923477173,
                    0.555722177028656,
                    2.222888946533203
                ],
                [
                    0.7585372924804688,
                    -0.4435214102268219,
                    0.4773991107940674,
                    1.909596562385559
                ],
                [
                    -1.4901160305669237e-08,
                    0.7326233983039856,
                    0.6806341409683228,
                    2.72253680229187
                ],
                [
                    0.0,
                    0.0,
                    0.0,
                    1.0
                ]
            ]
        },
        {
            "file_path": "train/0028.png",
            "transform_matrix": [
                [
                    0.29775574803352356,
                    -0.5407078266143799,
                    -0.7867506146430969,
                    -3.147002696990967
                ],
                [
                    -0.9546420574188232,
                    -0.16864840686321259,
                    -0.2453899085521698,
                    -0.981559693813324
                ],
                [
                    0.0,
                    0.8241315484046936,
                    -0.5663983821868896,
                    -2.2655937671661377
                ],
                [
                    0.0,
                    0.0,
                    0.0,
                    1.0
                ]
            ]
        },
        {
            "file_path": "train/0029.png",
            "transform_matrix": [
                [
                    0.24309636652469635,
                    -0.23648309707641602,
                    -0.9407336711883545,
                    -3.762934923171997
                ],
                [
                    -0.9700021147727966,
                    -0.05926603451371193,
                    -0.23576126992702484,
                    -0.9430451393127441
                ],
                [
                    0.0,
                    0.969826340675354,
                    -0.2437964528799057,
                    -0.9751858711242676
                ],
                [
                    0.0,
                    0.0,
                    0.0,
                    1.0
                ]
            ]
        },
        {
            "file_path": "train/0030.png",
            "transform_matrix": [
                [
                    -0.07706999778747559,
                    -0.7585555911064148,
                    0.6470344066619873,
                    2.5881378650665283
                ],
                [
                    0.997025728225708,
                    -0.05863628536462784,
                    0.050015706568956375,
                    0.2000628411769867
                ],
                [
                    0.0,
                    0.6489646434783936,
                    0.7608184814453125,
                    3.043274164199829
                ],
                [
                    0.0,
                    0.0,
                    0.0,
                    1.0
                ]
            ]
        },
        {
            "file_path": "train/0031.png",
            "transform_matrix": [
                [
                    -0.4674954116344452,
                    -0.2003280222415924,
                    0.8609975576400757,
                    3.4439899921417236
                ],
                [
                    0.8839954137802124,
                    -0.10594220459461212,
                    0.4553331136703491,
                    1.821332335472107
                ],
                [
                    -7.4505792646561986e-09,
                    0.9739840626716614,
                    0.22661657631397247,
                    0.9064662456512451
                ],
                [
                    0.0,
                    0.0,
                    0.0,
                    1.0
                ]
            ]
        },
        {
            "file_path": "train/0032.png",
            "transform_matrix": [
                [
                    -0.4276454746723175,
                    0.6094881296157837,
                    0.6675653457641602,
                    2.6702616214752197
                ],
                [
                    0.9039465188980103,
                    0.2883410155773163,
                    0.31581661105155945,
                    1.2632665634155273
                ],
                [
                    1.4901160305669237e-08,
                    0.7385010123252869,
                    -0.6742523312568665,
                    -2.697009563446045
                ],
                [
                    0.0,
                    0.0,
                    0.0,
                    1.0
                ]
            ]
        },
        {
            "file_path": "train/0033.png",
            "transform_matrix": [
                [
                    -0.1808064728975296,
                    0.844197154045105,
                    0.5046187043190002,
                    2.01847505569458
                ],
                [
                    0.983518660068512,
                    0.15519411861896515,
                    0.09276726096868515,
                    0.371069073677063
                ],
                [
                    0.0,
                    0.5130749344825745,
                    -0.858343780040741,
                    -3.433375358581543
                ],
                [
                    0.0,
                    0.0,
                    0.0,
                    1.0
                ]
            ]
        },
        {
            "file_path": "train/0034.png",
            "transform_matrix": [
                [
                    -0.3012060821056366,
                    -0.003241037717089057,
                    0.9535534977912903,
                    3.8142142295837402
                ],
                [
                    0.9535590410232544,
                    -0.00102376495487988,
                    0.3012043237686157,
                    1.2048174142837524
                ],
                [
                    5.8207657444020455e-11,
                    0.9999942779541016,
                    0.0033988847862929106,
                    0.013595540076494217
                ],
                [
                    0.0,
                    0.0,
                    0.0,
                    1.0
                ]
            ]
        },
        {
            "file_path": "train/0035.png",
            "transform_matrix": [
                [
                    0.880210816860199,
                    -0.4719456136226654,
                    0.049961525946855545,
                    0.19984611868858337
                ],
                [
                    0.474582701921463,
                    0.87531977891922,
                    -0.09266387671232224,
                    -0.37065553665161133
                ],
                [
                    0.0,
                    0.10527481883764267,
                    0.9944431185722351,
                    3.9777727127075195
                ],
                [
                    0.0,
                    0.0,
                    0.0,
                    1.0
                ]
            ]
        },
        {
            "file_path": "train/0036.png",
            "transform_matrix": [
                [
                    0.9101178050041199,
                    0.3475935161113739,
                    -0.22553101181983948,
                    -0.9021241068840027
                ],
                [
                    -0.4143495261669159,
                    0.7634884715080261,
                    -0.49537840485572815,
                    -1.9815137386322021
                ],
                [
                    0.0,
                    0.5443013906478882,
                    0.8388896584510803,
                    3.3555588722229004
                ],
                [
                    0.0,
                    0.0,
                    0.0,
                    1.0
                ]
            ]
        },
        {
            "file_path": "train/0037.png",
            "transform_matrix": [
                [
                    0.768401026725769,
                    -0.5773738026618958,
                    -0.2760421335697174,
                    -1.1041686534881592
                ],
                [
                    -0.6399684548377991,
                    -0.6932445168495178,
                    -0.33143988251686096,
                    -1.3257596492767334
                ],
                [
                    0.0,
                    0.43133705854415894,
                    -0.9021908044815063,
                    -3.6087634563446045
                ],
                [
                    0.0,
                    0.0,
                    0.0,
                    1.0
                ]
            ]
        },
        {
            "file_path": "train/0038.png",
            "transform_matrix": [
                [
                    -0.9683502912521362,
                    0.187636137008667,
                    0.16459156572818756,
                    0.658366322517395
                ],
                [
                    0.2495950609445572,
                    0.7279691100120544,
                    0.6385634541511536,
                    2.5542540550231934
                ],
                [
                    7.450580152834618e-09,
                    0.65943443775177,
                    -0.7517620325088501,
                    -3.0070483684539795
                ],
                [
                    0.0,
                    0.0,
                    0.0,
                    1.0
                ]
            ]
        },
        {
            "file_path": "train/0039.png",
            "transform_matrix": [
                [
                    0.2571594715118408,
                    -0.6955277323722839,
                    0.6709024906158447,
                    2.683610200881958
                ],
                [
                    0.9663689732551575,
                    0.185086190700531,
                    -0.17853321135044098,
                    -0.7141329050064087
                ],
                [
                    1.4901160305669237e-08,
                    0.6942508816719055,
                    0.7197329998016357,
                    2.878932237625122
                ],
                [
                    0.0,
                    0.0,
                    0.0,
                    1.0
                ]
            ]
        },
        {
            "file_path": "train/0040.png",
            "transform_matrix": [
                [
                    -0.6798580288887024,
                    0.08862372487783432,
                    -0.7279689311981201,
                    -2.9118759632110596
                ],
                [
                    -0.7333436608314514,
                    -0.08216004818677902,
                    0.6748752593994141,
                    2.6995012760162354
                ],
                [
                    -3.725290076417309e-09,
                    0.9926709532737732,
                    0.12084881216287613,
                    0.4833952784538269
                ],
                [
                    0.0,
                    0.0,
                    0.0,
                    1.0
                ]
            ]
        },
        {
            "file_path": "train/0041.png",
            "transform_matrix": [
                [
                    0.7682124972343445,
                    0.6323062777519226,
                    -0.10019128024578094,
                    -0.4007650911808014
                ],
                [
                    -0.6401948928833008,
                    0.7587464451789856,
                    -0.12022619694471359,
                    -0.480904757976532
                ],
                [
                    0.0,
                    0.15650154650211334,
                    0.987677812576294,
                    3.9507110118865967
                ],
                [
                    0.0,
                    0.0,
                    0.0,
                    1.0
                ]
            ]
        },
        {
            "file_path": "train/0042.png",
            "transform_matrix": [
                [
                    0.23986651003360748,
                    -0.32181257009506226,
                    -0.9159151911735535,
                    -3.663661003112793
                ],
                [
                    -0.970805823802948,
                    -0.07951337844133377,
                    -0.22630412876605988,
                    -0.9052165746688843
                ],
                [
                    0.0,
                    0.9434587359428406,
                    -0.33149006962776184,
                    -1.325960397720337
                ],
                [
                    0.0,
                    0.0,
                    0.0,
                    1.0
                ]
            ]
        },
        {
            "file_path": "train/0043.png",
            "transform_matrix": [
                [
                    0.5435712337493896,
                    0.8103440999984741,
                    0.2187981903553009,
                    0.8751928210258484
                ],
                [
                    0.8393630385398865,
                    -0.5247786045074463,
                    -0.14169363677501678,
                    -0.5667746067047119
                ],
                [
                    0.0,
                    0.26067155599594116,
                    -0.9654274582862854,
                    -3.8617100715637207
                ],
                [
                    0.0,
                    0.0,
                    0.0,
                    1.0
                ]
            ]
        },
        {
            "file_path": "train/0044.png",
            "transform_matrix": [
                [
                    -0.990568995475769,
                    -0.1366274654865265,
                    -0.01029668003320694,
                    -0.04118672385811806
                ],
                [
                    -0.13701491057872772,
                    0.9877678751945496,
                    0.0744413211941719,
                    0.29776531457901
                ],
                [
                    9.313225746154785e-10,
                    0.07515016198158264,
                    -0.9971721768379211,
                    -3.9886889457702637
                ],
                [
                    0.0,
                    0.0,
                    0.0,
                    1.0
                ]
            ]
        },
        {
            "file_path": "train/0045.png",
            "transform_matrix": [
                [
                    0.6457707285881042,
                    0.6176940202713013,
                    0.44881415367126465,
                    1.7952567338943481
                ],
                [
                    0.7635312676429749,
                    -0.522426187992096,
                    -0.3795929253101349,
                    -1.518371820449829
                ],
                [
                    -1.4901160305669237e-08,
                    0.5878137350082397,
                    -0.8089962601661682,
                    -3.235985279083252
                ],
                [
                    0.0,
                    0.0,
                    0.0,
                    1.0
                ]
            ]
        },
        {
            "file_path": "train/0046.png",
            "transform_matrix": [
                [
                    -0.8021441698074341,
                    -0.5405969023704529,
                    -0.25361329317092896,
                    -1.0144532918930054
                ],
                [
                    -0.5971304178237915,
                    0.7262008786201477,
                    0.34068676829338074,
                    1.3627471923828125
                ],
                [
                    0.0,
                    0.4247201085090637,
                    -0.9053246378898621,
                    -3.6212987899780273
                ],
                [
                    0.0,
                    0.0,
                    0.0,
                    1.0
                ]
            ]
        },
        {
            "file_path": "train/0047.png",
            "transform_matrix": [
                [
                    0.29798832535743713,
                    0.6451320648193359,
                    -0.7035676836967468,
                    -2.8142709732055664
                ],
                [
                    -0.9545694589614868,
                    0.20139113068580627,
                    -0.21963301301002502,
                    -0.8785321116447449
                ],
                [
                    0.0,
                    0.7370524406433105,
                    0.6758355498313904,
                    2.7033424377441406
                ],
                [
                    0.0,
                    0.0,
                    0.0,
                    1.0
                ]
            ]
        },
        {
            "file_path": "train/0048.png",
            "transform_matrix": [
                [
                    -0.40798357129096985,
                    0.7806693315505981,
                    0.4733971357345581,
                    1.893588662147522
                ],
                [
                    0.9129891991615295,
                    0.3488543629646301,
