{
    "camera_angle_x": 0.6911112070083618,
    "camera_angle_y": 0.4710899591445923,
    "fl_x": 2666.6666666666665,
    "fl_y": 2666.6666666666665,
    "k1": 0.0,
    "k2": 0.0,
    "p1": 0.0,
    "p2": 0.0,
    "cx": 960.0,
    "cy": 540.0,
    "w": 1920.0,
    "h": 1080.0,
    "aabb_scale": 4,
    "frames": [
        {
            "file_path": "test/0001.png",
            "transform_matrix": [
                [
                    0.976265549659729,
                    0.08546004444360733,
                    -0.1990029364824295,
                    -0.4092765748500824
                ],
                [
                    -0.2165769785642624,
                    0.3852284550666809,
                    -0.8970471024513245,
                    -1.9695183038711548
                ],
                [
                    -9.32217574245442e-08,
                    0.918855607509613,
                    0.3945939540863037,
                    0.8070791959762573
                ],
                [
                    0.0,
                    0.0,
                    0.0,
                    1.0
                ]
            ]
        },
        {
            "file_path": "test/0002.png",
            "transform_matrix": [
                [
                    0.976265549659729,
                    0.08546004444360733,
                    -0.1990029364824295,
                    -0.4092765748500824
                ],
                [
                    -0.2165769785642624,
                    0.3852284550666809,
                    -0.8970471024513245,
                    -1.9695183038711548
                ],
                [
                    -9.32217574245442e-08,
                    0.918855607509613,
                    0.3945939540863037,
                    0.8070791959762573
                ],
                [
                    0.0,
                    0.0,
                    0.0,
                    1.0
                ]
            ]
        },
        {
            "file_path": "test/0003.png",
            "transform_matrix": [
                [
                    0.976265549659729,
                    0.08546004444360733,
                    -0.1990029364824295,
                    -0.4092765748500824
                ],
                [
                    -0.2165769785642624,
                    0.3852284550666809,
                    -0.8970471024513245,
                    -1.9695183038711548
                ],
                [
                    -9.32217574245442e-08,
                    0.918855607509613,
                    0.3945939540863037,
                    0.8070791959762573
                ],
                [
                    0.0,
                    0.0,
                    0.0,
                    1.0
                ]
            ]
        },
        {
            "file_path": "test/0004.png",
            "transform_matrix": [
                [
                    0.976265549659729,
                    0.08546004444360733,
                    -0.1990029364824295,
                    -0.4092765748500824
                ],
                [
                    -0.2165769785642624,
                    0.3852284550666809,
                    -0.8970471024513245,
                    -1.9695183038711548
                ],
                [
                    -9.32217574245442e-08,
                    0.918855607509613,
                    0.3945939540863037,
                    0.8070791959762573
                ],
                [
                    0.0,
                    0.0,
                    0.0,
                    1.0
                ]
            ]
        },
        {
            "file_path": "test/0005.png",
            "transform_matrix": [
                [
                    0.976265549659729,
                    0.08546004444360733,
                    -0.1990029364824295,
                    -0.4092765748500824
                ],
                [
                    -0.2165769785642624,
                    0.3852284550666809,
                    -0.8970471024513245,
                    -1.9695183038711548
                ],
                [
                    -9.32217574245442e-08,
                    0.918855607509613,
                    0.3945939540863037,
                    0.8070791959762573
                ],
                [
                    0.0,
                    0.0,
                    0.0,
                    1.0
                ]
            ]
        },
        {
            "file_path": "test/0006.png",
            "transform_matrix": [
                [
                    0.976265549659729,
                    0.08546004444360733,
                    -0.1990029364824295,
                    -0.4092765748500824
                ],
                [
                    -0.2165769785642624,
                    0.3852284550666809,
                    -0.8970471024513245,
                    -1.9695183038711548
                ],
                [
                    -9.32217574245442e-08,
                    0.918855607509613,
                    0.3945939540863037,
                    0.8070791959762573
                ],
                [
                    0.0,
                    0.0,
                    0.0,
                    1.0
                ]
            ]
        },
        {
            "file_path": "test/0007.png",
            "transform_matrix": [
                [
                    0.976265549659729,
                    0.08546004444360733,
                    -0.1990029364824295,
                    -0.4092765748500824
                ],
                [
                    -0.2165769785642624,
                    0.3852284550666809,
                    -0.8970471024513245,
                    -1.9695183038711548
                ],
                [
                    -9.32217574245442e-08,
                    0.918855607509613,
                    0.3945939540863037,
                    0.8070791959762573
                ],
                [
                    0.0,
                    0.0,
                    0.0,
                    1.0
                ]
            ]
        },
        {
            "file_path": "test/0008.png",
            "transform_matrix": [
                [
                    0.976265549659729,
                    0.08546004444360733,
                    -0.1990029364824295,
                    -0.4092765748500824
                ],
                [
                    -0.2165769785642624,
                    0.3852284550666809,
                    -0.8970471024513245,
                    -1.9695183038711548
                ],
                [
                    -9.32217574245442e-08,
                    0.918855607509613,
                    0.3945939540863037,
                    0.8070791959762573
                ],
                [
                    0.0,
                    0.0,
                    0.0,
                    1.0
                ]
            ]
        },
        {
            "file_path": "test/0009.png",
            "transform_matrix": [
                [
                    0.976265549659729,
                    0.08546004444360733,
                    -0.1990029364824295,
                    -0.4092765748500824
                ],
                [
                    -0.2165769785642624,
                    0.3852284550666809,
                    -0.8970471024513245,
                    -1.9695183038711548
                ],
                [
                    -9.32217574245442e-08,
                    0.918855607509613,
                    0.3945939540863037,
                    0.8070791959762573
                ],
                [
                    0.0,
                    0.0,
                    0.0,
                    1.0
                ]
            ]
        },
        {
            "file_path": "test/0010.png",
            "transform_matrix": [
                [
                    0.976265549659729,
                    0.08546004444360733,
                    -0.1990029364824295,
                    -0.4092765748500824
                ],
                [
                    -0.2165769785642624,
                    0.3852284550666809,
                    -0.8970471024513245,
                    -1.9695183038711548
                ],
                [
                    -9.32217574245442e-08,
                    0.918855607509613,
                    0.3945939540863037,
                    0.8070791959762573
                ],
                [
                    0.0,
                    0.0,
                    0.0,
                    1.0
                ]
            ]
        },
        {
            "file_path": "test/0011.png",
            "transform_matrix": [
                [
                    0.976265549659729,
                    0.08546004444360733,
                    -0.1990029364824295,
                    -0.4092765748500824
                ],
                [
                    -0.2165769785642624,
                    0.3852284550666809,
                    -0.8970471024513245,
                    -1.9695183038711548
                ],
                [
                    -9.32217574245442e-08,
                    0.918855607509613,
                    0.3945939540863037,
                    0.8070791959762573
                ],
                [
                    0.0,
                    0.0,
                    0.0,
                    1.0
                ]
            ]
        },
        {
            "file_path": "test/0012.png",
            "transform_matrix": [
                [
                    0.976265549659729,
                    0.08546004444360733,
                    -0.1990029364824295,
                    -0.4092765748500824
                ],
                [
                    -0.2165769785642624,
                    0.3852284550666809,
                    -0.8970471024513245,
                    -1.9695183038711548
                ],
                [
                    -9.32217574245442e-08,
                    0.918855607509613,
                    0.3945939540863037,
                    0.8070791959762573
                ],
                [
                    0.0,
                    0.0,
                    0.0,
                    1.0
                ]
            ]
        },
        {
            "file_path": "test/0013.png",
            "transform_matrix": [
                [
                    0.976265549659729,
                    0.08546004444360733,
                    -0.1990029364824295,
                    -0.4092765748500824
                ],
                [
                    -0.2165769785642624,
                    0.3852284550666809,
                    -0.8970471024513245,
                    -1.9695183038711548
                ],
                [
                    -9.32217574245442e-08,
                    0.918855607509613,
                    0.3945939540863037,
                    0.8070791959762573
                ],
                [
                    0.0,
                    0.0,
                    0.0,
                    1.0
                ]
            ]
        },
        {
            "file_path": "test/0014.png",
            "transform_matrix": [
                [
                    0.976265549659729,
                    0.08546004444360733,
                    -0.1990029364824295,
                    -0.4092765748500824
                ],
                [
                    -0.2165769785642624,
                    0.3852284550666809,
                    -0.8970471024513245,
                    -1.9695183038711548
                ],
                [
                    -9.32217574245442e-08,
                    0.918855607509613,
                    0.3945939540863037,
                    0.8070791959762573
                ],
                [
                    0.0,
                    0.0,
                    0.0,
                    1.0
                ]
            ]
        },
        {
            "file_path": "test/0015.png",
            "transform_matrix": [
                [
                    0.976265549659729,
                    0.08546004444360733,
                    -0.1990029364824295,
                    -0.4092765748500824
                ],
                [
                    -0.2165769785642624,
                    0.3852284550666809,
                    -0.8970471024513245,
                    -1.9695183038711548
                ],
                [
                    -9.32217574245442e-08,
                    0.918855607509613,
                    0.3945939540863037,
                    0.8070791959762573
                ],
                [
                    0.0,
                    0.0,
                    0.0,
                    1.0
                ]
            ]
        },
        {
            "file_path": "test/0016.png",
            "transform_matrix": [
                [
                    0.976265549659729,
                    0.08546004444360733,
                    -0.1990029364824295,
                    -0.4092765748500824
                ],
                [
                    -0.2165769785642624,
                    0.3852284550666809,
                    -0.8970471024513245,
                    -1.9695183038711548
                ],
                [
                    -9.32217574245442e-08,
                    0.918855607509613,
                    0.3945939540863037,
                    0.8070791959762573
                ],
                [
                    0.0,
                    0.0,
                    0.0,
                    1.0
                ]
            ]
        },
        {
            "file_path": "test/0017.png",
            "transform_matrix": [
                [
                    0.976265549659729,
                    0.08546004444360733,
                    -0.1990029364824295,
                    -0.4092765748500824
                ],
                [
                    -0.2165769785642624,
                    0.3852284550666809,
                    -0.8970471024513245,
                    -1.9695183038711548
                ],
                [
                    -9.32217574245442e-08,
                    0.918855607509613,
                    0.3945939540863037,
                    0.8070791959762573
                ],
                [
                    0.0,
                    0.0,
                    0.0,
                    1.0
                ]
            ]
        },
        {
            "file_path": "test/0018.png",
            "transform_matrix": [
                [
                    0.976265549659729,
                    0.08546004444360733,
                    -0.1990029364824295,
                    -0.4092765748500824
                ],
                [
                    -0.2165769785642624,
                    0.3852284550666809,
                    -0.8970471024513245,
                    -1.9695183038711548
                ],
                [
                    -9.32217574245442e-08,
                    0.918855607509613,
                    0.3945939540863037,
                    0.8070791959762573
                ],
                [
                    0.0,
                    0.0,
                    0.0,
                    1.0
                ]
            ]
        },
        {
            "file_path": "test/0019.png",
            "transform_matrix": [
                [
                    0.976265549659729,
                    0.08546004444360733,
                    -0.1990029364824295,
                    -0.4092765748500824
                ],
                [
                    -0.2165769785642624,
                    0.3852284550666809,
                    -0.8970471024513245,
                    -1.9695183038711548
                ],
                [
                    -9.32217574245442e-08,
                    0.918855607509613,
                    0.3945939540863037,
                    0.8070791959762573
                ],
                [
                    0.0,
                    0.0,
                    0.0,
                    1.0
                ]
            ]
        },
        {
            "file_path": "test/0020.png",
            "transform_matrix": [
                [
                    0.976265549659729,
                    0.08546004444360733,
                    -0.1990029364824295,
                    -0.4092765748500824
                ],
                [
                    -0.2165769785642624,
                    0.3852284550666809,
                    -0.8970471024513245,
                    -1.9695183038711548
                ],
                [
                    -9.32217574245442e-08,
                    0.918855607509613,
                    0.3945939540863037,
                    0.8070791959762573
                ],
                [
                    0.0,
                    0.0,
                    0.0,
                    1.0
                ]
            ]
        },
        {
            "file_path": "test/0021.png",
            "transform_matrix": [
                [
                    0.976265549659729,
                    0.08546004444360733,
                    -0.1990029364824295,
                    -0.4092765748500824
                ],
                [
                    -0.2165769785642624,
                    0.3852284550666809,
                    -0.8970471024513245,
                    -1.9695183038711548
                ],
                [
                    -9.32217574245442e-08,
                    0.918855607509613,
                    0.3945939540863037,
                    0.8070791959762573
                ],
                [
                    0.0,
                    0.0,
                    0.0,
                    1.0
                ]
            ]
        },
        {
            "file_path": "test/0022.png",
            "transform_matrix": [
                [
                    0.976265549659729,
                    0.08546004444360733,
                    -0.1990029364824295,
                    -0.4092765748500824
                ],
                [
                    -0.2165769785642624,
                    0.3852284550666809,
                    -0.8970471024513245,
                    -1.9695183038711548
                ],
                [
                    -9.32217574245442e-08,
                    0.918855607509613,
                    0.3945939540863037,
                    0.8070791959762573
                ],
                [
                    0.0,
                    0.0,
                    0.0,
                    1.0
                ]
            ]
        },
        {
            "file_path": "test/0023.png",
            "transform_matrix": [
                [
                    0.976265549659729,
                    0.08546004444360733,
                    -0.1990029364824295,
                    -0.4092765748500824
                ],
                [
                    -0.2165769785642624,
                    0.3852284550666809,
                    -0.8970471024513245,
                    -1.9695183038711548
                ],
                [
                    -9.32217574245442e-08,
                    0.918855607509613,
                    0.3945939540863037,
                    0.8070791959762573
                ],
                [
                    0.0,
                    0.0,
                    0.0,
                    1.0
                ]
            ]
        },
        {
            "file_path": "test/0024.png",
            "transform_matrix": [
                [
                    0.976265549659729,
                    0.08546004444360733,
                    -0.1990029364824295,
                    -0.4092765748500824
                ],
                [
                    -0.2165769785642624,
                    0.3852284550666809,
                    -0.8970471024513245,
                    -1.9695183038711548
                ],
                [
                    -9.32217574245442e-08,
                    0.918855607509613,
                    0.3945939540863037,
                    0.8070791959762573
                ],
                [
                    0.0,
                    0.0,
                    0.0,
                    1.0
                ]
            ]
        },
        {
            "file_path": "test/0025.png",
            "transform_matrix": [
                [
                    0.976265549659729,
                    0.08546004444360733,
                    -0.1990029364824295,
                    -0.4092765748500824
                ],
                [
                    -0.2165769785642624,
                    0.3852284550666809,
                    -0.8970471024513245,
                    -1.9695183038711548
                ],
                [
                    -9.32217574245442e-08,
                    0.918855607509613,
                    0.3945939540863037,
                    0.8070791959762573
                ],
                [
                    0.0,
                    0.0,
                    0.0,
                    1.0
                ]
            ]
        },
        {
            "file_path": "test/0026.png",
            "transform_matrix": [
                [
                    0.976265549659729,
                    0.08546004444360733,
                    -0.1990029364824295,
                    -0.4092765748500824
                ],
                [
                    -0.2165769785642624,
                    0.3852284550666809,
                    -0.8970471024513245,
                    -1.9695183038711548
                ],
                [
                    -9.32217574245442e-08,
                    0.918855607509613,
                    0.3945939540863037,
                    0.8070791959762573
                ],
                [
                    0.0,
                    0.0,
                    0.0,
                    1.0
                ]
            ]
        },
        {
            "file_path": "test/0027.png",
            "transform_matrix": [
                [
                    0.976265549659729,
                    0.08546004444360733,
                    -0.1990029364824295,
                    -0.4092765748500824
                ],
                [
                    -0.2165769785642624,
                    0.3852284550666809,
                    -0.8970471024513245,
                    -1.9695183038711548
                ],
                [
                    -9.32217574245442e-08,
                    0.918855607509613,
                    0.3945939540863037,
                    0.8070791959762573
                ],
                [
                    0.0,
                    0.0,
                    0.0,
                    1.0
                ]
            ]
        },
        {
            "file_path": "test/0028.png",
            "transform_matrix": [
                [
                    0.976265549659729,
                    0.08546004444360733,
                    -0.1990029364824295,
                    -0.4092765748500824
                ],
                [
                    -0.2165769785642624,
                    0.3852284550666809,
                    -0.8970471024513245,
                    -1.9695183038711548
                ],
                [
                    -9.32217574245442e-08,
                    0.918855607509613,
                    0.3945939540863037,
                    0.8070791959762573
                ],
                [
                    0.0,
                    0.0,
                    0.0,
                    1.0
                ]
            ]
        },
        {
            "file_path": "test/0029.png",
            "transform_matrix": [
                [
                    0.976265549659729,
                    0.08546004444360733,
                    -0.1990029364824295,
                    -0.4092765748500824
                ],
                [
                    -0.2165769785642624,
                    0.3852284550666809,
                    -0.8970471024513245,
                    -1.9695183038711548
                ],
                [
                    -9.32217574245442e-08,
                    0.918855607509613,
                    0.3945939540863037,
                    0.8070791959762573
                ],
                [
                    0.0,
                    0.0,
                    0.0,
                    1.0
                ]
            ]
        },
        {
            "file_path": "test/0030.png",
            "transform_matrix": [
                [
                    0.976265549659729,
                    0.08546004444360733,
                    -0.1990029364824295,
                    -0.4092765748500824
                ],
                [
                    -0.2165769785642624,
                    0.3852284550666809,
                    -0.8970471024513245,
                    -1.9695183038711548
                ],
                [
                    -9.32217574245442e-08,
                    0.918855607509613,
                    0.3945939540863037,
                    0.8070791959762573
                ],
                [
                    0.0,
                    0.0,
                    0.0,
                    1.0
                ]
            ]
        },
        {
            "file_path": "test/0031.png",
            "transform_matrix": [
                [
                    0.976265549659729,
                    0.08546004444360733,
                    -0.1990029364824295,
                    -0.4092765748500824
                ],
                [
                    -0.2165769785642624,
                    0.3852284550666809,
                    -0.8970471024513245,
                    -1.9695183038711548
                ],
                [
                    -9.32217574245442e-08,
                    0.918855607509613,
                    0.3945939540863037,
                    0.8070791959762573
                ],
                [
                    0.0,
                    0.0,
                    0.0,
                    1.0
                ]
            ]
        },
        {
            "file_path": "test/0032.png",
            "transform_matrix": [
                [
                    0.976265549659729,
                    0.08546004444360733,
                    -0.1990029364824295,
                    -0.4092765748500824
                ],
                [
                    -0.2165769785642624,
                    0.3852284550666809,
                    -0.8970471024513245,
                    -1.9695183038711548
                ],
                [
                    -9.32217574245442e-08,
                    0.918855607509613,
                    0.3945939540863037,
                    0.8070791959762573
                ],
                [
                    0.0,
                    0.0,
                    0.0,
                    1.0
                ]
            ]
        },
        {
            "file_path": "test/0033.png",
            "transform_matrix": [
                [
                    0.976265549659729,
                    0.08546004444360733,
                    -0.1990029364824295,
                    -0.4092765748500824
                ],
                [
                    -0.2165769785642624,
                    0.3852284550666809,
                    -0.8970471024513245,
                    -1.9695183038711548
                ],
                [
                    -9.32217574245442e-08,
                    0.918855607509613,
                    0.3945939540863037,
                    0.8070791959762573
                ],
                [
                    0.0,
                    0.0,
                    0.0,
                    1.0
                ]
            ]
        },
        {
            "file_path": "test/0034.png",
            "transform_matrix": [
                [
                    0.976265549659729,
                    0.08546004444360733,
                    -0.1990029364824295,
                    -0.4092765748500824
                ],
                [
                    -0.2165769785642624,
                    0.3852284550666809,
                    -0.8970471024513245,
                    -1.9695183038711548
                ],
                [
                    -9.32217574245442e-08,
                    0.918855607509613,
                    0.3945939540863037,
                    0.8070791959762573
                ],
                [
                    0.0,
                    0.0,
                    0.0,
                    1.0
                ]
            ]
        },
        {
            "file_path": "test/0035.png",
            "transform_matrix": [
                [
                    0.976265549659729,
                    0.08546004444360733,
                    -0.1990029364824295,
                    -0.4092765748500824
                ],
                [
                    -0.2165769785642624,
                    0.3852284550666809,
                    -0.8970471024513245,
                    -1.9695183038711548
                ],
                [
                    -9.32217574245442e-08,
                    0.918855607509613,
                    0.3945939540863037,
                    0.8070791959762573
                ],
                [
                    0.0,
                    0.0,
                    0.0,
                    1.0
                ]
            ]
        },
        {
            "file_path": "test/0036.png",
            "transform_matrix": [
                [
                    0.976265549659729,
                    0.08546004444360733,
                    -0.1990029364824295,
                    -0.4092765748500824
                ],
                [
                    -0.2165769785642624,
                    0.3852284550666809,
                    -0.8970471024513245,
                    -1.9695183038711548
                ],
                [
                    -9.32217574245442e-08,
                    0.918855607509613,
                    0.3945939540863037,
                    0.8070791959762573
                ],
                [
                    0.0,
                    0.0,
                    0.0,
                    1.0
                ]
            ]
        },
        {
            "file_path": "test/0037.png",
            "transform_matrix": [
                [
                    0.976265549659729,
                    0.08546004444360733,
                    -0.1990029364824295,
                    -0.4092765748500824
                ],
                [
                    -0.2165769785642624,
                    0.3852284550666809,
                    -0.8970471024513245,
                    -1.9695183038711548
                ],
                [
                    -9.32217574245442e-08,
                    0.918855607509613,
                    0.3945939540863037,
                    0.8070791959762573
                ],
                [
                    0.0,
                    0.0,
                    0.0,
                    1.0
                ]
            ]
        },
        {
            "file_path": "test/0038.png",
            "transform_matrix": [
                [
                    0.976265549659729,
                    0.08546004444360733,
                    -0.1990029364824295,
                    -0.4092765748500824
                ],
                [
                    -0.2165769785642624,
                    0.3852284550666809,
                    -0.8970471024513245,
                    -1.9695183038711548
                ],
                [
                    -9.32217574245442e-08,
                    0.918855607509613,
                    0.3945939540863037,
                    0.8070791959762573
                ],
                [
                    0.0,
                    0.0,
                    0.0,
                    1.0
                ]
            ]
        },
        {
            "file_path": "test/0039.png",
            "transform_matrix": [
                [
                    0.976265549659729,
                    0.08546004444360733,
                    -0.1990029364824295,
                    -0.4092765748500824
                ],
                [
                    -0.2165769785642624,
                    0.3852284550666809,
                    -0.8970471024513245,
                    -1.9695183038711548
                ],
                [
                    -9.32217574245442e-08,
                    0.918855607509613,
                    0.3945939540863037,
                    0.8070791959762573
                ],
                [
                    0.0,
                    0.0,
                    0.0,
                    1.0
                ]
            ]
        },
        {
            "file_path": "test/0040.png",
            "transform_matrix": [
                [
                    0.976265549659729,
                    0.08546004444360733,
                    -0.1990029364824295,
                    -0.4092765748500824
                ],
                [
                    -0.2165769785642624,
                    0.3852284550666809,
                    -0.8970471024513245,
                    -1.9695183038711548
                ],
                [
                    -9.32217574245442e-08,
                    0.918855607509613,
                    0.3945939540863037,
                    0.8070791959762573
                ],
                [
                    0.0,
                    0.0,
                    0.0,
                    1.0
                ]
            ]
        },
        {
            "file_path": "test/0041.png",
            "transform_matrix": [
                [
                    0.976265549659729,
                    0.08546004444360733,
                    -0.1990029364824295,
                    -0.4092765748500824
                ],
                [
                    -0.2165769785642624,
                    0.3852284550666809,
                    -0.8970471024513245,
                    -1.9695183038711548
                ],
                [
                    -9.32217574245442e-08,
                    0.918855607509613,
                    0.3945939540863037,
                    0.8070791959762573
                ],
                [
                    0.0,
                    0.0,
                    0.0,
                    1.0
                ]
            ]
        },
        {
            "file_path": "test/0042.png",
            "transform_matrix": [
                [
                    0.976265549659729,
                    0.08546004444360733,
                    -0.1990029364824295,
                    -0.4092765748500824
                ],
                [
                    -0.2165769785642624,
                    0.3852284550666809,
                    -0.8970471024513245,
                    -1.9695183038711548
                ],
                [
                    -9.32217574245442e-08,
                    0.918855607509613,
                    0.3945939540863037,
                    0.8070791959762573
                ],
                [
                    0.0,
                    0.0,
                    0.0,
                    1.0
                ]
            ]
        },
        {
            "file_path": "test/0043.png",
            "transform_matrix": [
                [
                    0.976265549659729,
                    0.08546004444360733,
                    -0.1990029364824295,
                    -0.4092765748500824
                ],
                [
                    -0.2165769785642624,
                    0.3852284550666809,
                    -0.8970471024513245,
                    -1.9695183038711548
                ],
                [
                    -9.32217574245442e-08,
                    0.918855607509613,
                    0.3945939540863037,
                    0.8070791959762573
                ],
                [
                    0.0,
                    0.0,
                    0.0,
                    1.0
                ]
            ]
        },
        {
            "file_path": "test/0044.png",
            "transform_matrix": [
                [
                    0.976265549659729,
                    0.08546004444360733,
                    -0.1990029364824295,
                    -0.4092765748500824
                ],
                [
                    -0.2165769785642624,
                    0.3852284550666809,
                    -0.8970471024513245,
                    -1.9695183038711548
                ],
                [
                    -9.32217574245442e-08,
                    0.918855607509613,
                    0.3945939540863037,
                    0.8070791959762573
                ],
                [
                    0.0,
                    0.0,
                    0.0,
                    1.0
                ]
            ]
        },
        {
            "file_path": "test/0045.png",
            "transform_matrix": [
                [
                    0.976265549659729,
                    0.08546004444360733,
                    -0.1990029364824295,
                    -0.4092765748500824
                ],
                [
                    -0.2165769785642624,
                    0.3852284550666809,
                    -0.8970471024513245,
                    -1.9695183038711548
                ],
                [
                    -9.32217574245442e-08,
                    0.918855607509613,
                    0.3945939540863037,
                    0.8070791959762573
                ],
                [
                    0.0,
                    0.0,
                    0.0,
                    1.0
                ]
            ]
        },
        {
            "file_path": "test/0046.png",
            "transform_matrix": [
                [
                    0.976265549659729,
                    0.08546004444360733,
                    -0.1990029364824295,
                    -0.4092765748500824
                ],
                [
                    -0.2165769785642624,
                    0.3852284550666809,
                    -0.8970471024513245,
                    -1.9695183038711548
                ],
                [
                    -9.32217574245442e-08,
                    0.918855607509613,
                    0.3945939540863037,
                    0.8070791959762573
                ],
                [
                    0.0,
                    0.0,
                    0.0,
                    1.0
                ]
            ]
        },
        {
            "file_path": "test/0047.png",
            "transform_matrix": [
                [
                    0.976265549659729,
                    0.08546004444360733,
                    -0.1990029364824295,
                    -0.4092765748500824
                ],
                [
                    -0.2165769785642624,
                    0.3852284550666809,
                    -0.8970471024513245,
                    -1.9695183038711548
                ],
                [
                    -9.32217574245442e-08,
                    0.918855607509613,
                    0.3945939540863037,
                    0.8070791959762573
                ],
                [
                    0.0,
                    0.0,
                    0.0,
                    1.0
                ]
            ]
        },
        {
            "file_path": "test/0048.png",
            "transform_matrix": [
                [
                    0.976265549659729,
