{
    "camera_angle_x": 0.6911112070083618,
    "camera_angle_y": 0.4710899591445923,
    "fl_x": 2666.6666666666665,
    "fl_y": 2666.6666666666665,
    "k1": 0.0,
    "k2": 0.0,
    "p1": 0.0,
    "p2": 0.0,
    "cx": 960.0,
    "cy": 540.0,
    "w": 1920.0,
    "h": 1080.0,
    "aabb_scale": 4,
    "frames": [
        {
            "file_path": "train/0001.png",
            "transform_matrix": [
                [
                    -0.2727447748184204,
                    0.910855233669281,
                    -0.30976298451423645,
                    -0.6195259690284729
                ],
                [
                    -0.9620864987373352,
                    -0.2582210898399353,
                    0.08781563490629196,
                    0.17563126981258392
                ],
                [
                    0.0,
                    0.32197004556655884,
                    0.9467498660087585,
                    1.893499732017517
                ],
                [
                    0.0,
                    0.0,
                    0.0,
                    1.0
                ]
            ]
        },
        {
            "file_path": "train/0002.png",
            "transform_matrix": [
                [
                    0.9971421360969543,
                    -0.07264991104602814,
                    -0.02072574570775032,
                    -0.04145149141550064
                ],
                [
                    -0.07554842531681061,
                    -0.9588854312896729,
                    -0.2735532224178314,
                    -0.5471064448356628
                ],
                [
                    1.8626449271863521e-09,
                    0.27433711290359497,
                    -0.961633563041687,
                    -1.923267126083374
                ],
                [
                    0.0,
                    0.0,
                    0.0,
                    1.0
                ]
            ]
        },
        {
            "file_path": "train/0003.png",
            "transform_matrix": [
                [
                    -0.9961601495742798,
                    -0.06979195773601532,
                    0.05285944044589996,
                    0.10571888089179993
                ],
                [
                    0.08755020052194595,
                    -0.7941039800643921,
                    0.6014431118965149,
                    1.2028862237930298
                ],
                [
                    0.0,
                    0.6037613749504089,
                    0.797165036201477,
                    1.594330072402954
                ],
                [
                    0.0,
                    0.0,
                    0.0,
                    1.0
                ]
            ]
        },
        {
            "file_path": "train/0004.png",
            "transform_matrix": [
                [
                    -0.6977230906486511,
                    0.03695093095302582,
                    0.7154139876365662,
                    1.4308279752731323
                ],
                [
                    0.7163676023483276,
                    0.03598923236131668,
                    0.6967942714691162,
                    1.3935885429382324
                ],
                [
                    -3.725290298461914e-09,
                    0.9986687898635864,
                    -0.051580969244241714,
                    -0.10316193848848343
                ],
                [
                    0.0,
                    0.0,
                    0.0,
                    1.0
                ]
            ]
        },
        {
            "file_path": "train/0005.png",
            "transform_matrix": [
                [
                    -0.963151216506958,
                    0.11749709397554398,
                    -0.24193857610225677,
                    -0.48387715220451355
                ],
                [
                    -0.2689606547355652,
                    -0.4207584261894226,
                    0.866384744644165,
                    1.73276948928833
                ],
                [
                    0.0,
                    0.8995314240455627,
                    0.4368560314178467,
                    0.8737120628356934
                ],
                [
                    0.0,
                    0.0,
                    0.0,
                    1.0
                ]
            ]
        },
        {
            "file_path": "train/0006.png",
            "transform_matrix": [
                [
                    -0.8943120837211609,
                    0.2610657215118408,
                    -0.36338767409324646,
                    -0.7267753481864929
                ],
                [
                    -0.44744372367858887,
                    -0.5217956900596619,
                    0.7263080477714539,
                    1.4526160955429077
                ],
                [
                    1.4901161193847656e-08,
                    0.8121415972709656,
                    0.5834603905677795,
                    1.166920781135559
                ],
                [
                    0.0,
                    0.0,
                    0.0,
                    1.0
                ]
            ]
        },
        {
            "file_path": "train/0007.png",
            "transform_matrix": [
                [
                    0.9893082976341248,
                    0.14176587760448456,
                    -0.0342281311750412,
                    -0.0684562623500824
                ],
                [
                    -0.1458394080400467,
                    0.9616753458976746,
                    -0.23218809068202972,
                    -0.46437618136405945
                ],
                [
                    0.0,
                    0.23469732701778412,
                    0.9720684885978699,
                    1.9441369771957397
                ],
                [
                    0.0,
                    0.0,
                    0.0,
                    1.0
                ]
            ]
        },
        {
            "file_path": "train/0008.png",
            "transform_matrix": [
                [
                    -0.23034441471099854,
                    -0.6807553172111511,
                    -0.6953514814376831,
                    -1.3907029628753662
                ],
                [
                    -0.9731091260910034,
                    0.16114142537117004,
                    0.16459648311138153,
                    0.32919296622276306
                ],
                [
                    0.0,
                    0.7145668268203735,
                    -0.6995672583580017,
                    -1.3991345167160034
                ],
                [
                    0.0,
                    0.0,
                    0.0,
                    1.0
                ]
            ]
        },
        {
            "file_path": "train/0009.png",
            "transform_matrix": [
                [
                    0.4337366819381714,
                    -0.8125873804092407,
                    -0.3893255591392517,
                    -0.7786511182785034
                ],
                [
                    -0.9010397791862488,
                    -0.3911580443382263,
                    -0.18741102516651154,
                    -0.37482205033302307
                ],
                [
                    1.4901161193847656e-08,
                    0.43208473920822144,
                    -0.9018329977989197,
                    -1.8036659955978394
                ],
                [
                    0.0,
                    0.0,
                    0.0,
                    1.0
                ]
            ]
        },
        {
            "file_path": "train/0010.png",
            "transform_matrix": [
                [
                    0.29476356506347656,
                    0.8889688849449158,
                    0.35049787163734436,
                    0.7009957432746887
                ],
                [
                    0.9555702209472656,
                    -0.2742191255092621,
                    -0.10811764746904373,
                    -0.21623529493808746
                ],
                [
                    -7.450580596923828e-09,
                    0.3667944371700287,
                    -0.9303020238876343,
                    -1.8606040477752686
                ],
                [
                    0.0,
                    0.0,
                    0.0,
                    1.0
                ]
            ]
        },
        {
            "file_path": "train/0011.png",
            "transform_matrix": [
                [
                    0.15909820795059204,
                    0.5421723127365112,
                    0.8250678181648254,
                    1.6501356363296509
                ],
                [
                    0.9872628450393677,
                    -0.08737151324748993,
                    -0.13296034932136536,
                    -0.2659206986427307
                ],
                [
                    0.0,
                    0.8357124924659729,
                    -0.5491672158241272,
                    -1.0983344316482544
                ],
                [
                    0.0,
                    0.0,
                    0.0,
                    1.0
                ]
            ]
        },
        {
            "file_path": "train/0012.png",
            "transform_matrix": [
                [
                    0.9983985424041748,
                    0.022383183240890503,
                    0.051955386996269226,
                    0.10391077399253845
                ],
                [
                    0.056571803987026215,
                    -0.3950260579586029,
                    -0.9169264435768127,
                    -1.8338528871536255
                ],
                [
                    0.0,
                    0.9183971881866455,
                    -0.3956596851348877,
                    -0.7913193702697754
                ],
                [
                    0.0,
                    0.0,
                    0.0,
                    1.0
                ]
            ]
        },
        {
            "file_path": "train/0013.png",
            "transform_matrix": [
                [
                    0.6219446063041687,
                    -0.22984939813613892,
                    -0.7485681176185608,
                    -1.4971362352371216
                ],
                [
                    -0.7830613851547241,
                    -0.18255731463432312,
                    -0.5945484042167664,
                    -1.1890968084335327
                ],
                [
                    1.4901162970204496e-08,
                    0.955950915813446,
                    -0.29352667927742004,
                    -0.5870533585548401
                ],
                [
                    0.0,
                    0.0,
                    0.0,
                    1.0
                ]
            ]
        },
        {
            "file_path": "train/0014.png",
            "transform_matrix": [
                [
                    0.21665820479393005,
                    -0.9736312031745911,
                    0.07142536342144012,
                    0.14285072684288025
                ],
                [
                    0.9762475490570068,
                    0.21607756614685059,
                    -0.015851400792598724,
                    -0.03170280158519745
                ],
                [
                    0.0,
                    0.07316242903470993,
                    0.9973199963569641,
                    1.9946399927139282
                ],
                [
                    0.0,
                    0.0,
                    0.0,
                    1.0
                ]
            ]
        },
        {
            "file_path": "train/0015.png",
            "transform_matrix": [
                [
                    -0.7643792629241943,
                    -0.6399238705635071,
                    -0.07887843996286392,
                    -0.15775687992572784
                ],
                [
                    -0.6447668671607971,
                    0.7586377859115601,
                    0.09351138770580292,
                    0.18702277541160583
                ],
                [
                    -3.725290298461914e-09,
                    0.12233638763427734,
                    -0.99248868227005,
                    -1.9849773645401
                ],
                [
                    0.0,
                    0.0,
                    0.0,
                    1.0
                ]
            ]
        },
        {
            "file_path": "train/0016.png",
            "transform_matrix": [
                [
                    -0.13769015669822693,
                    -0.345392644405365,
                    0.9283024072647095,
                    1.856604814529419
                ],
                [
                    0.9904753565788269,
                    -0.04801448807120323,
                    0.129047229886055,
                    0.25809445977211
                ],
                [
                    3.725290298461914e-09,
                    0.9372291564941406,
                    0.34871402382850647,
                    0.6974280476570129
                ],
                [
                    0.0,
                    0.0,
                    0.0,
                    1.0
                ]
            ]
        },
        {
            "file_path": "train/0017.png",
            "transform_matrix": [
                [
                    0.9081823229789734,
                    -0.22109802067279816,
                    -0.3554161489009857,
                    -0.7108322978019714
                ],
                [
                    -0.4185749292373657,
                    -0.47971653938293457,
                    -0.7711466550827026,
                    -1.5422933101654053
                ],
                [
                    -1.4901161193847656e-08,
                    0.849109947681427,
                    -0.5282161235809326,
                    -1.0564322471618652
                ],
                [
                    0.0,
                    0.0,
                    0.0,
                    1.0
                ]
            ]
        },
        {
            "file_path": "train/0018.png",
            "transform_matrix": [
                [
                    -0.8969908356666565,
                    -0.09618975967168808,
                    0.43145689368247986,
                    0.8629137873649597
                ],
                [
                    0.4420492351055145,
                    -0.19518491625785828,
                    0.8754972219467163,
                    1.7509944438934326
                ],
                [
                    7.450580596923828e-09,
                    0.9760380983352661,
                    0.21759966015815735,
                    0.4351993203163147
                ],
                [
                    0.0,
                    0.0,
                    0.0,
                    1.0
                ]
            ]
        },
        {
            "file_path": "train/0019.png",
            "transform_matrix": [
                [
                    -0.5587546825408936,
                    -0.32335996627807617,
                    -0.763696014881134,
                    -1.527392029762268
                ],
                [
                    -0.8293330669403076,
                    0.21786047518253326,
                    0.5145323872566223,
                    1.0290647745132446
                ],
                [
                    1.4901161193847656e-08,
                    0.920855700969696,
                    -0.38990363478660583,
                    -0.7798072695732117
                ],
                [
                    0.0,
                    0.0,
                    0.0,
                    1.0
                ]
            ]
        },
        {
            "file_path": "train/0020.png",
            "transform_matrix": [
                [
                    0.8605804443359375,
                    -0.18818449974060059,
                    -0.47327372431755066,
                    -0.9465473294258118
                ],
                [
                    -0.5093145966529846,
                    -0.31797221302986145,
                    -0.7996827363967896,
                    -1.599365234375
                ],
                [
                    0.0,
                    0.9292364120483398,
                    -0.3694857954978943,
                    -0.7389715313911438
                ],
                [
                    0.0,
                    0.0,
                    0.0,
                    1.0
                ]
            ]
        },
        {
            "file_path": "train/0021.png",
            "transform_matrix": [
                [
                    0.25957125425338745,
                    -0.6138507127761841,
                    0.7455267310142517,
                    1.4910534620285034
                ],
                [
                    0.965723991394043,
                    0.1649933159351349,
                    -0.20038573443889618,
                    -0.40077146887779236
                ],
                [
                    0.0,
                    0.7719874382019043,
                    0.6356378197669983,
                    1.2712756395339966
                ],
                [
                    0.0,
                    0.0,
                    0.0,
                    1.0
                ]
            ]
        },
        {
            "file_path": "train/0022.png",
            "transform_matrix": [
                [
                    -0.45474478602409363,
                    0.8445882201194763,
                    -0.28262677788734436,
                    -0.565253496170044
                ],
                [
                    -0.8906219005584717,
                    -0.4312403202056885,
                    0.14430707693099976,
                    0.2886141240596771
                ],
                [
                    -7.450580596923828e-09,
                    0.3173366189002991,
                    0.9483131170272827,
                    1.8966259956359863
                ],
                [
                    0.0,
                    0.0,
                    0.0,
                    1.0
                ]
            ]
        },
        {
            "file_path": "train/0023.png",
            "transform_matrix": [
                [
                    -0.9721391201019287,
                    -0.12535110116004944,
                    0.19807220995426178,
                    0.3961443603038788
                ],
                [
                    0.2344045341014862,
                    -0.5198649168014526,
                    0.8214591145515442,
                    1.6429179906845093
                ],
                [
                    -7.4505797087454084e-09,
                    0.8450014591217041,
                    0.5347639918327332,
                    1.0695278644561768
                ],
                [
                    0.0,
                    0.0,
                    0.0,
                    1.0
                ]
            ]
        },
        {
            "file_path": "train/0024.png",
            "transform_matrix": [
                [
                    0.6983349919319153,
                    -0.64136803150177,
                    0.31776610016822815,
                    0.6355322003364563
                ],
                [
                    0.7157710790634155,
                    0.6257444024085999,
                    -0.3100253641605377,
                    -0.6200507283210754
                ],
                [
                    0.0,
                    0.443949431180954,
                    0.8960518836975098,
                    1.7921037673950195
                ],
                [
                    0.0,
                    0.0,
                    0.0,
                    1.0
                ]
            ]
        },
        {
            "file_path": "train/0025.png",
            "transform_matrix": [
                [
                    0.9998552203178406,
                    0.004978344310075045,
                    -0.016274234279990196,
                    -0.03254846855998039
                ],
                [
                    -0.017018655315041542,
                    0.2924804091453552,
                    -0.9561200737953186,
                    -1.9122401475906372
                ],
                [
                    -4.656612873077393e-10,
                    0.9562585949897766,
                    0.2925227880477905,
                    0.585045576095581
                ],
                [
                    0.0,
                    0.0,
                    0.0,
                    1.0
                ]
            ]
        },
        {
            "file_path": "train/0026.png",
            "transform_matrix": [
                [
                    -0.80343097448349,
                    0.1791086345911026,
                    0.5678192973136902,
                    1.1356385946273804
                ],
                [
                    0.5953978896141052,
                    0.2416895180940628,
                    0.7662163972854614,
                    1.5324327945709229
                ],
                [
                    0.0,
                    0.9536803364753723,
                    -0.3008217513561249,
                    -0.6016435027122498
                ],
                [
                    0.0,
                    0.0,
                    0.0,
                    1.0
                ]
            ]
        },
        {
            "file_path": "train/0027.png",
            "transform_matrix": [
                [
                    -0.6516295671463013,
                    -0.5162864923477173,
                    0.5557222366333008,
                    1.1114444732666016
                ],
                [
                    0.7585373520851135,
                    -0.4435214102268219,
                    0.47739914059638977,
                    0.9547982811927795
                ],
                [
                    -1.4901161193847656e-08,
                    0.7326233983039856,
                    0.6806342005729675,
                    1.361268401145935
                ],
                [
                    0.0,
                    0.0,
                    0.0,
                    1.0
                ]
            ]
        },
        {
            "file_path": "train/0028.png",
            "transform_matrix": [
                [
                    0.29775577783584595,
                    -0.5407078266143799,
                    -0.7867506742477417,
                    -1.5735013484954834
                ],
                [
                    -0.954642117023468,
                    -0.16864840686321259,
                    -0.245389923453331,
                    -0.490779846906662
                ],
                [
                    0.0,
                    0.8241315484046936,
                    -0.5663984417915344,
                    -1.1327968835830688
                ],
                [
                    0.0,
                    0.0,
                    0.0,
                    1.0
                ]
            ]
        },
        {
            "file_path": "train/0029.png",
            "transform_matrix": [
                [
                    0.24309638142585754,
                    -0.23648309707641602,
                    -0.9407337307929993,
                    -1.8814674615859985
                ],
                [
                    -0.9700021743774414,
                    -0.05926603451371193,
                    -0.23576128482818604,
                    -0.47152256965637207
                ],
                [
                    0.0,
                    0.969826340675354,
                    -0.2437964677810669,
                    -0.4875929355621338
                ],
                [
                    0.0,
                    0.0,
                    0.0,
                    1.0
                ]
            ]
        },
        {
            "file_path": "train/0030.png",
            "transform_matrix": [
                [
                    -0.07707000523805618,
                    -0.7585555911064148,
                    0.6470344662666321,
                    1.2940689325332642
                ],
                [
                    0.9970257878303528,
                    -0.05863628536462784,
                    0.050015710294246674,
                    0.10003142058849335
                ],
                [
                    0.0,
                    0.6489646434783936,
                    0.7608185410499573,
                    1.5216370820999146
                ],
                [
                    0.0,
                    0.0,
                    0.0,
                    1.0
                ]
            ]
        },
        {
            "file_path": "train/0031.png",
            "transform_matrix": [
                [
                    -0.4674954414367676,
                    -0.2003280222415924,
                    0.8609976172447205,
                    1.7219949960708618
                ],
                [
                    0.8839954733848572,
                    -0.10594220459461212,
                    0.4553331434726715,
                    0.9106661677360535
                ],
                [
                    -7.4505797087454084e-09,
                    0.9739840626716614,
                    0.22661659121513367,
                    0.45323312282562256
                ],
                [
                    0.0,
                    0.0,
                    0.0,
                    1.0
                ]
            ]
        },
        {
            "file_path": "train/0032.png",
            "transform_matrix": [
                [
                    -0.4276455044746399,
                    0.6094881296157837,
                    0.6675654053688049,
                    1.3351308107376099
                ],
                [
                    0.903946578502655,
                    0.2883410155773163,
                    0.31581664085388184,
                    0.6316332817077637
                ],
                [
                    1.4901161193847656e-08,
                    0.7385010123252869,
                    -0.6742523908615112,
                    -1.3485047817230225
                ],
                [
                    0.0,
                    0.0,
                    0.0,
                    1.0
                ]
            ]
        },
        {
            "file_path": "train/0033.png",
            "transform_matrix": [
                [
                    -0.1808064877986908,
                    0.844197154045105,
                    0.504618763923645,
                    1.00923752784729
                ],
                [
                    0.9835187196731567,
                    0.15519411861896515,
                    0.09276726841926575,
                    0.1855345368385315
                ],
                [
                    0.0,
                    0.5130749344825745,
                    -0.8583438396453857,
                    -1.7166876792907715
                ],
                [
                    0.0,
                    0.0,
                    0.0,
                    1.0
                ]
            ]
        },
        {
            "file_path": "train/0034.png",
            "transform_matrix": [
                [
                    -0.301206111907959,
                    -0.003241037717089057,
                    0.9535535573959351,
                    1.9071071147918701
                ],
                [
                    0.9535591006278992,
                    -0.00102376495487988,
                    0.3012043535709381,
                    0.6024087071418762
                ],
                [
                    5.820766091346741e-11,
                    0.9999942779541016,
                    0.0033988850191235542,
                    0.0067977700382471085
                ],
                [
                    0.0,
                    0.0,
                    0.0,
                    1.0
                ]
            ]
        },
        {
            "file_path": "train/0035.png",
            "transform_matrix": [
                [
                    0.8802108764648438,
                    -0.4719456136226654,
                    0.049961529672145844,
                    0.09992305934429169
                ],
                [
                    0.4745827317237854,
                    0.87531977891922,
                    -0.09266388416290283,
                    -0.18532776832580566
                ],
                [
                    0.0,
                    0.10527481883764267,
                    0.9944431781768799,
                    1.9888863563537598
                ],
                [
                    0.0,
                    0.0,
                    0.0,
                    1.0
                ]
            ]
        },
        {
            "file_path": "train/0036.png",
            "transform_matrix": [
                [
                    0.9101178646087646,
                    0.3475935161113739,
                    -0.22553102672100067,
                    -0.45106205344200134
                ],
                [
                    -0.4143495559692383,
                    0.7634884715080261,
                    -0.49537843465805054,
                    -0.9907568693161011
                ],
                [
                    0.0,
                    0.5443013906478882,
                    0.8388897180557251,
                    1.6777794361114502
                ],
                [
                    0.0,
                    0.0,
                    0.0,
                    1.0
                ]
            ]
        },
        {
            "file_path": "train/0037.png",
            "transform_matrix": [
                [
                    0.7684010863304138,
                    -0.5773738026618958,
                    -0.2760421633720398,
                    -0.5520843267440796
                ],
                [
                    -0.6399685144424438,
                    -0.6932445168495178,
                    -0.33143991231918335,
                    -0.6628798246383667
                ],
                [
                    0.0,
                    0.43133705854415894,
                    -0.9021908640861511,
                    -1.8043817281723022
                ],
                [
                    0.0,
                    0.0,
                    0.0,
                    1.0
                ]
            ]
        },
        {
            "file_path": "train/0038.png",
            "transform_matrix": [
                [
                    -0.968350350856781,
                    0.187636137008667,
                    0.16459158062934875,
                    0.3291831612586975
                ],
                [
                    0.24959507584571838,
                    0.7279691100120544,
                    0.6385635137557983,
                    1.2771270275115967
                ],
                [
                    7.450580596923828e-09,
                    0.65943443775177,
                    -0.7517620921134949,
                    -1.5035241842269897
                ],
                [
                    0.0,
                    0.0,
                    0.0,
                    1.0
                ]
            ]
        },
        {
            "file_path": "train/0039.png",
            "transform_matrix": [
                [
                    0.2571595013141632,
                    -0.6955277323722839,
                    0.6709025502204895,
                    1.341805100440979
                ],
                [
                    0.9663690328598022,
                    0.185086190700531,
                    -0.17853322625160217,
                    -0.35706645250320435
                ],
                [
                    1.4901161193847656e-08,
                    0.6942508816719055,
                    0.7197330594062805,
                    1.439466118812561
                ],
                [
                    0.0,
                    0.0,
                    0.0,
                    1.0
                ]
            ]
        },
        {
            "file_path": "train/0040.png",
            "transform_matrix": [
                [
                    -0.6798580884933472,
                    0.08862372487783432,
                    -0.7279689908027649,
                    -1.4559379816055298
                ],
                [
                    -0.7333437204360962,
                    -0.08216004818677902,
                    0.6748753190040588,
                    1.3497506380081177
                ],
                [
                    -3.725290298461914e-09,
                    0.9926709532737732,
                    0.12084881961345673,
                    0.24169763922691345
                ],
                [
                    0.0,
                    0.0,
                    0.0,
                    1.0
                ]
            ]
        },
        {
            "file_path": "train/0041.png",
            "transform_matrix": [
                [
                    0.7682125568389893,
                    0.6323062777519226,
                    -0.10019128769636154,
                    -0.2003825455904007
                ],
                [
                    -0.6401949524879456,
                    0.7587464451789856,
                    -0.12022620439529419,
                    -0.240452378988266
                ],
                [
                    0.0,
                    0.15650154650211334,
                    0.9876778721809387,
                    1.9753555059432983
                ],
                [
                    0.0,
                    0.0,
                    0.0,
                    1.0
                ]
            ]
        },
        {
            "file_path": "train/0042.png",
            "transform_matrix": [
                [
                    0.23986652493476868,
                    -0.32181257009506226,
                    -0.9159152507781982,
                    -1.8318305015563965
                ],
                [
                    -0.9708058834075928,
                    -0.07951337844133377,
                    -0.22630414366722107,
                    -0.45260828733444214
                ],
                [
                    0.0,
                    0.9434587359428406,
                    -0.33149009943008423,
                    -0.6629801988601685
                ],
                [
                    0.0,
                    0.0,
                    0.0,
                    1.0
                ]
            ]
        },
        {
            "file_path": "train/0043.png",
            "transform_matrix": [
                [
                    0.5435712933540344,
                    0.8103440999984741,
                    0.2187982052564621,
                    0.4375964105129242
                ],
                [
                    0.8393630981445312,
                    -0.5247786045074463,
                    -0.14169365167617798,
                    -0.28338730335235596
                ],
                [
                    0.0,
                    0.26067155599594116,
                    -0.9654275178909302,
                    -1.9308550357818604
                ],
                [
                    0.0,
                    0.0,
                    0.0,
                    1.0
                ]
            ]
        },
        {
            "file_path": "train/0044.png",
            "transform_matrix": [
                [
                    -0.9905690550804138,
                    -0.1366274654865265,
                    -0.010296680964529514,
                    -0.02059336192905903
                ],
                [
                    -0.13701492547988892,
                    0.9877678751945496,
                    0.0744413286447525,
                    0.148882657289505
                ],
                [
                    9.31322685637781e-10,
                    0.07515016198158264,
                    -0.9971722364425659,
                    -1.9943444728851318
                ],
                [
                    0.0,
                    0.0,
                    0.0,
                    1.0
                ]
            ]
        },
        {
            "file_path": "train/0045.png",
            "transform_matrix": [
                [
                    0.645770788192749,
                    0.6176940202713013,
                    0.44881418347358704,
                    0.8976283669471741
                ],
                [
                    0.7635313272476196,
                    -0.522426187992096,
                    -0.3795929551124573,
                    -0.7591859102249146
                ],
                [
                    -1.4901161193847656e-08,
                    0.5878137350082397,
                    -0.808996319770813,
                    -1.617992639541626
                ],
                [
                    0.0,
                    0.0,
                    0.0,
                    1.0
                ]
            ]
        },
        {
            "file_path": "train/0046.png",
            "transform_matrix": [
                [
                    -0.8021442294120789,
                    -0.5405969023704529,
                    -0.25361332297325134,
                    -0.5072266459465027
                ],
                [
                    -0.5971304774284363,
                    0.7262008786201477,
                    0.3406867980957031,
                    0.6813735961914062
                ],
                [
                    0.0,
                    0.4247201085090637,
                    -0.9053246974945068,
                    -1.8106493949890137
                ],
                [
                    0.0,
                    0.0,
                    0.0,
                    1.0
                ]
            ]
        },
        {
            "file_path": "train/0047.png",
            "transform_matrix": [
                [
                    0.2979883551597595,
                    0.6451320648193359,
                    -0.7035677433013916,
                    -1.4071354866027832
                ],
                [
                    -0.9545695185661316,
                    0.20139113068580627,
                    -0.21963302791118622,
                    -0.43926605582237244
                ],
                [
                    0.0,
                    0.7370524406433105,
                    0.6758356094360352,
                    1.3516712188720703
                ],
                [
                    0.0,
                    0.0,
                    0.0,
                    1.0
                ]
            ]
        },
        {
            "file_path": "train/0048.png",
            "transform_matrix": [
                [
                    -0.40798360109329224,
                    0.7806693315505981,
                    0.4733971655368805,
                    0.946794331073761
                ],
                [
                    0.9129892587661743,
